0 0.87109375 0.759765625 0.875 0.76953125 0.873046875 0.78125 0.8671875 0.7890625 0.85546875 0.791015625 0.84375 0.798828125 0.841796875 0.796875 0.8359375 0.798828125 0.833984375 0.794921875 0.833984375 0.787109375 0.84375 0.775390625 0.84375 0.76953125 0.8515625 0.765625 0.86328125 0.763671875 0.869140625 0.759765625
0 0.642578125 0.763671875 0.64453125 0.767578125 0.640625 0.78125 0.642578125 0.787109375 0.63671875 0.79296875 0.634765625 0.791015625 0.6328125 0.79296875 0.625 0.791015625 0.626953125 0.787109375 0.625 0.779296875 0.62890625 0.765625 0.6328125 0.76171875 0.638671875 0.76171875 0.640625 0.763671875
0 0.61328125 0.623046875 0.6171875 0.623046875 0.62109375 0.62890625 0.62109375 0.6484375 0.619140625 0.650390625 0.62109375 0.65625 0.615234375 0.666015625 0.609375 0.69921875 0.60546875 0.703125 0.59765625 0.701171875 0.591796875 0.69140625 0.59375 0.681640625 0.59765625 0.6796875 0.59765625 0.671875 0.609375 0.654296875 0.611328125 0.638671875 0.61328125 0.63671875 0.611328125 0.630859375 0.61328125 0.625
0 0.349609375 0.734375 0.357421875 0.7421875 0.37109375 0.744140625 0.373046875 0.748046875 0.384765625 0.744140625 0.38671875 0.74609375 0.388671875 0.751953125 0.38671875 0.75390625 0.388671875 0.759765625 0.38671875 0.76171875 0.388671875 0.765625 0.38671875 0.775390625 0.388671875 0.77734375 0.3828125 0.787109375 0.3828125 0.791015625 0.376953125 0.794921875 0.375 0.79296875 0.3671875 0.796875 0.365234375 0.794921875 0.36328125 0.796875 0.345703125 0.794921875 0.33203125 0.798828125 0.30859375 0.791015625 0.302734375 0.783203125 0.3046875 0.771484375 0.318359375 0.76171875 0.3203125 0.763671875 0.328125 0.76171875 0.33984375 0.751953125 0.349609375 0.736328125
0 0.626953125 0.708984375 0.634765625 0.71484375 0.63671875 0.7265625 0.623046875 0.779296875 0.625 0.787109375 0.619140625 0.806640625 0.62109375 0.80859375 0.62109375 0.81640625 0.611328125 0.830078125 0.609375 0.84375 0.6015625 0.85546875 0.59765625 0.85546875 0.595703125 0.8515625 0.59765625 0.8203125 0.599609375 0.818359375 0.59765625 0.810546875 0.599609375 0.80859375 0.595703125 0.802734375 0.59765625 0.80078125 0.595703125 0.798828125 0.595703125 0.791015625 0.591796875 0.78515625 0.58984375 0.775390625 0.59375 0.76953125 0.599609375 0.767578125 0.609375 0.7578125 0.61328125 0.734375 0.615234375 0.732421875 0.61328125 0.7265625 0.615234375 0.724609375 0.609375 0.71875 0.609375 0.71484375 0.615234375 0.7109375 0.625 0.708984375
0 0.205078125 0.623046875 0.20703125 0.623046875 0.20703125 0.634765625 0.201171875 0.6484375 0.189453125 0.65234375 0.1875 0.658203125 0.18359375 0.66015625 0.18359375 0.6640625 0.173828125 0.671875 0.171875 0.669921875 0.1640625 0.669921875 0.162109375 0.666015625 0.1640625 0.6640625 0.162109375 0.658203125 0.1640625 0.65234375 0.181640625 0.63671875 0.185546875 0.630859375 0.185546875 0.626953125 0.197265625 0.634765625 0.205078125 0.625
0 0.283203125 0.65625 0.28515625 0.658203125 0.28515625 0.66796875 0.287109375 0.669921875 0.28515625 0.673828125 0.287109375 0.677734375 0.2734375 0.697265625 0.2734375 0.701171875 0.26953125 0.70703125 0.263671875 0.708984375 0.255859375 0.701171875 0.25390625 0.693359375 0.2578125 0.689453125 0.26171875 0.669921875 0.265625 0.66796875 0.26953125 0.669921875 0.27734375 0.66796875 0.28125 0.658203125
0 0.9140625 0.873046875 0.916015625 0.873046875 0.9140625 0.875 0.916015625 0.876953125 0.9140625 0.8828125 0.916015625 0.888671875 0.9140625 0.89453125 0.916015625 0.8984375 0.9140625 0.900390625 0.9140625 0.923828125 0.91015625 0.9375 0.88671875 0.931640625 0.884765625 0.927734375 0.884765625 0.921875 0.88671875 0.919921875 0.884765625 0.9140625 0.890625 0.89453125 0.888671875 0.892578125 0.890625 0.88671875 0.888671875 0.880859375 0.912109375 0.873046875
0 0.810546875 0.775390625 0.8125 0.779296875 0.8203125 0.783203125 0.80859375 0.802734375 0.80859375 0.80859375 0.8046875 0.8125 0.8046875 0.81640625 0.80078125 0.8203125 0.798828125 0.83203125 0.794921875 0.833984375 0.794921875 0.841796875 0.791015625 0.849609375 0.779296875 0.861328125 0.76953125 0.859375 0.765625 0.849609375 0.771484375 0.830078125 0.7734375 0.814453125 0.77734375 0.810546875 0.77734375 0.806640625 0.78125 0.8046875 0.78125 0.80078125 0.787109375 0.794921875 0.787109375 0.791015625 0.794921875 0.779296875 0.796875 0.767578125 0.80078125 0.765625 0.80859375 0.775390625
0 0.337890625 0.6953125 0.3515625 0.689453125 0.35546875 0.685546875 0.359375 0.689453125 0.359375 0.705078125 0.349609375 0.71484375 0.3359375 0.71875 0.33203125 0.71875 0.328125 0.71484375 0.330078125 0.703125 0.337890625 0.697265625
0 0.478515625 0.669921875 0.482421875 0.669921875 0.490234375 0.681640625 0.490234375 0.701171875 0.486328125 0.705078125 0.486328125 0.7109375 0.470703125 0.728515625 0.46875 0.7265625 0.46875 0.71875 0.47265625 0.708984375 0.47265625 0.703125 0.470703125 0.701171875 0.478515625 0.671875