0 0.748046875 0.564453125 0.013671875 0.01953125
0 0.7890625 0.578125 0.787109375 0.57421875 0.787109375 0.548828125 0.791015625 0.54296875 0.796875 0.54296875 0.798828125 0.548828125 0.796875 0.578125 0.791015625 0.578125
0 0.787109375 0.568359375 0.796875 0.56640625 0.798828125 0.5703125 0.798828125 0.576171875 0.796875 0.578125 0.7890625 0.578125 0.787109375 0.576171875 0.787109375 0.5703125
0 0.943359375 0.517578125 0.9453125 0.53125 0.94921875 0.541015625 0.94921875 0.548828125 0.951171875 0.55078125 0.947265625 0.5625 0.943359375 0.564453125 0.94140625 0.560546875 0.94140625 0.546875 0.939453125 0.544921875 0.94140625 0.51953125
0 0.841796875 0.54296875 0.845703125 0.560546875 0.8515625 0.568359375 0.849609375 0.5703125 0.837890625 0.5703125 0.8359375 0.568359375 0.8359375 0.544921875 0.83984375 0.54296875
0 0.7265625 0.55078125 0.728515625 0.552734375 0.7265625 0.564453125 0.72265625 0.564453125 0.71875 0.55859375 0.720703125 0.552734375 0.724609375 0.55078125
0 0.275390625 0.564453125 0.28125 0.544921875 0.283203125 0.54296875 0.2890625 0.54296875 0.291015625 0.55078125 0.2890625 0.552734375 0.287109375 0.56640625 0.283203125 0.568359375 0.27734375 0.568359375 0.27734375 0.56640625
0 0.763671875 0.53515625 0.767578125 0.54296875 0.767578125 0.564453125 0.765625 0.56640625 0.76171875 0.564453125 0.76171875 0.560546875 0.7578125 0.5546875 0.7578125 0.544921875 0.759765625 0.54296875 0.7578125 0.537109375 0.76171875 0.53515625
0 0.216796875 0.798828125 0.216796875 0.8046875 0.220703125 0.810546875 0.228515625 0.818359375 0.240234375 0.82421875 0.251953125 0.826171875 0.265625 0.818359375 0.2890625 0.845703125 0.29296875 0.85546875 0.3046875 0.8671875 0.310546875 0.87890625 0.3203125 0.890625 0.3203125 0.89453125 0.30859375 0.89453125 0.30078125 0.900390625 0.29296875 0.900390625 0.28515625 0.896484375 0.275390625 0.896484375 0.2734375 0.89453125 0.259765625 0.89453125 0.25 0.8984375 0.2421875 0.8984375 0.236328125 0.89453125 0.21875 0.89453125 0.21484375 0.892578125 0.205078125 0.876953125 0.205078125 0.8671875 0.203125 0.865234375 0.205078125 0.828125 0.20703125 0.826171875 0.208984375 0.810546875 0.212890625 0.806640625 0.212890625 0.80078125 0.21484375 0.80078125
0 0.5859375 0.498046875 0.595703125 0.498046875 0.595703125 0.51171875 0.591796875 0.515625 0.58984375 0.529296875 0.5859375 0.52734375 0.5859375 0.5
0 0.92578125 0.546875 0.931640625 0.5546875 0.931640625 0.5625 0.919921875 0.580078125 0.9140625 0.580078125 0.9140625 0.572265625 0.916015625 0.5703125 0.91796875 0.55078125 0.923828125 0.546875
0 0.42578125 0.51171875 0.423828125 0.515625 0.42578125 0.517578125 0.435546875 0.517578125 0.45703125 0.5078125 0.478515625 0.494140625 0.48828125 0.494140625 0.4921875 0.498046875 0.49609375 0.5078125 0.4921875 0.53125 0.484375 0.546875 0.484375 0.552734375 0.474609375 0.560546875 0.462890625 0.580078125 0.45703125 0.583984375 0.447265625 0.5859375 0.416015625 0.60546875 0.40625 0.615234375 0.40234375 0.626953125 0.39453125 0.630859375 0.390625 0.640625 0.38671875 0.640625 0.3828125 0.63671875 0.375 0.63671875 0.36328125 0.626953125 0.359375 0.619140625 0.35546875 0.59765625 0.36328125 0.603515625 0.373046875 0.603515625 0.3828125 0.599609375 0.38671875 0.595703125 0.38671875 0.58984375 0.392578125 0.58203125 0.392578125 0.572265625 0.3984375 0.556640625 0.3984375 0.53515625 0.39453125 0.529296875 0.39453125 0.525390625 0.400390625 0.525390625 0.408203125 0.517578125 0.416015625 0.517578125 0.423828125 0.513671875
0 0.68359375 0.546875 0.6875 0.544921875 0.69140625 0.546875 0.69140625 0.560546875 0.6875 0.564453125 0.68359375 0.5625 0.68359375 0.556640625 0.681640625 0.5546875 0.68359375 0.548828125
0 0.75390625 0.529296875 0.759765625 0.5390625 0.759765625 0.552734375 0.75390625 0.556640625 0.75390625 0.5703125 0.751953125 0.572265625 0.744140625 0.572265625 0.7421875 0.5703125 0.744140625 0.556640625 0.74609375 0.5546875 0.744140625 0.552734375 0.74609375 0.533203125 0.751953125 0.529296875
0 0.779296875 0.5234375 0.783203125 0.525390625 0.783203125 0.533203125 0.787109375 0.541015625 0.787109375 0.5625 0.78515625 0.564453125 0.779296875 0.564453125 0.77734375 0.560546875 0.77734375 0.52734375 0.779296875 0.525390625
0 0.595703125 0.5546875 0.0185546875 0.0390625