0 0.63671875 0.720703125 0.63671875 0.716796875 0.650390625 0.697265625 0.662109375 0.69921875 0.662109375 0.716796875 0.658203125 0.720703125 0.638671875 0.720703125
0 0.66796875 0.71484375 0.669921875 0.71875 0.67578125 0.720703125 0.673828125 0.73828125 0.66796875 0.73828125 0.6640625 0.734375 0.6640625 0.724609375 0.66796875 0.716796875
0 0.44921875 0.689453125 0.453125 0.701171875 0.462890625 0.708984375 0.462890625 0.712890625 0.44140625 0.712890625 0.4375 0.7109375 0.439453125 0.69140625 0.44140625 0.689453125 0.447265625 0.689453125
0 0.611328125 0.6953125 0.61328125 0.697265625 0.61328125 0.716796875 0.611328125 0.71875 0.607421875 0.716796875 0.572265625 0.716796875 0.57421875 0.7109375 0.58203125 0.708984375 0.6015625 0.689453125 0.609375 0.6953125
0 0.4140625 0.685546875 0.4140625 0.705078125 0.404296875 0.7109375 0.390625 0.7109375 0.390625 0.705078125 0.400390625 0.693359375 0.40625 0.681640625 0.412109375 0.685546875
0 0.287109375 0.69921875 0.2890625 0.701171875 0.298828125 0.701171875 0.298828125 0.7109375 0.30078125 0.712890625 0.298828125 0.72265625 0.296875 0.724609375 0.28125 0.724609375 0.279296875 0.7265625 0.27734375 0.724609375 0.263671875 0.724609375 0.26171875 0.72265625 0.26171875 0.71875 0.26953125 0.71484375 0.275390625 0.708984375 0.275390625 0.705078125 0.279296875 0.705078125 0.28515625 0.701171875
0 0.353515625 0.701171875 0.35546875 0.703125 0.365234375 0.69921875 0.369140625 0.705078125 0.369140625 0.720703125 0.365234375 0.7265625 0.361328125 0.728515625 0.3359375 0.728515625 0.3359375 0.724609375 0.34765625 0.712890625 0.3515625 0.703125
0 0.140625 0.69140625 0.1484375 0.6953125 0.150390625 0.705078125 0.154296875 0.708984375 0.154296875 0.712890625 0.138671875 0.712890625 0.13671875 0.703125 0.140625 0.693359375
0 0.517578125 0.697265625 0.51953125 0.69921875 0.525390625 0.69921875 0.529296875 0.72265625 0.515625 0.72265625 0.515625 0.69921875
0 0.83203125 0.712890625 0.833984375 0.71484375 0.833984375 0.720703125 0.837890625 0.724609375 0.845703125 0.73046875 0.8515625 0.73046875 0.853515625 0.7421875 0.8515625 0.744140625 0.810546875 0.744140625 0.80859375 0.7421875 0.810546875 0.73828125 0.814453125 0.73828125 0.830078125 0.72265625 0.83203125 0.716796875 0.830078125 0.71484375
0 0.138671875 0.6875 0.13671875 0.70703125 0.1328125 0.70703125 0.1328125 0.689453125 0.13671875 0.6875
0 0.689453125 0.712890625 0.693359375 0.712890625 0.70703125 0.728515625 0.71484375 0.73046875 0.71875 0.734375 0.712890625 0.740234375 0.67578125 0.740234375 0.673828125 0.734375 0.677734375 0.72265625 0.68359375 0.72265625 0.689453125 0.71484375