0 0.345703125 0.69921875 0.349609375 0.708984375 0.357421875 0.716796875 0.361328125 0.724609375 0.341796875 0.7265625 0.333984375 0.720703125 0.333984375 0.703125 0.341796875 0.703125 0.34375 0.701171875
0 0.328125 0.720703125 0.33203125 0.73046875 0.33203125 0.740234375 0.330078125 0.7421875 0.322265625 0.7421875 0.3203125 0.724609375 0.326171875 0.72265625
0 0.55078125 0.69140625 0.560546875 0.6953125 0.5625 0.71484375 0.55859375 0.716796875 0.54296875 0.716796875 0.541015625 0.71875 0.53515625 0.716796875 0.544921875 0.70703125 0.548828125 0.693359375
0 0.39453125 0.693359375 0.41015625 0.708984375 0.419921875 0.71484375 0.423828125 0.71484375 0.42578125 0.720703125 0.419921875 0.72265625 0.4140625 0.72265625 0.412109375 0.720703125 0.390625 0.720703125 0.384765625 0.72265625 0.3828125 0.720703125 0.384765625 0.69921875 0.392578125 0.6953125
0 0.5859375 0.689453125 0.59375 0.685546875 0.599609375 0.697265625 0.609375 0.708984375 0.609375 0.71484375 0.59375 0.71484375 0.587890625 0.7109375 0.5859375 0.708984375 0.5859375 0.69140625
0 0.720703125 0.70703125 0.7265625 0.708984375 0.7265625 0.712890625 0.734375 0.720703125 0.740234375 0.72265625 0.740234375 0.728515625 0.728515625 0.728515625 0.7265625 0.73046875 0.703125 0.728515625 0.701171875 0.724609375 0.701171875 0.705078125 0.71484375 0.703125 0.71875 0.70703125
0 0.650390625 0.7177734375 0.037109375 0.033203125
0 0.8603515625 0.7060546875 0.01953125 0.0234375
0 0.48046875 0.701171875 0.484375 0.71484375 0.482421875 0.7265625 0.46875 0.7265625 0.47265625 0.703125 0.478515625 0.703125
0 0.16015625 0.716796875 0.162109375 0.716796875 0.1640625 0.728515625 0.177734375 0.7421875 0.18359375 0.7421875 0.185546875 0.74609375 0.17578125 0.75 0.158203125 0.75 0.15625 0.748046875 0.140625 0.75 0.140625 0.734375 0.1484375 0.734375 0.15625 0.728515625 0.16015625 0.72265625 0.16015625 0.71875
0 0.87109375 0.69140625 0.87109375 0.7109375 0.8671875 0.712890625 0.865234375 0.69140625 0.869140625 0.69140625
0 0.31640625 0.7265625 0.3203125 0.732421875 0.3203125 0.744140625 0.287109375 0.74609375 0.27734375 0.7421875 0.27734375 0.73828125 0.28125 0.734375 0.2890625 0.732421875 0.302734375 0.716796875 0.314453125 0.728515625