0 0.9111328125 0.703125 0.03515625 0.0439453125
0 0.70703125 0.732421875 0.708984375 0.734375 0.71484375 0.732421875 0.71875 0.734375 0.720703125 0.755859375 0.71484375 0.76171875 0.70703125 0.76171875 0.705078125 0.755859375 0.705078125 0.734375
0 0.66015625 0.61328125 0.666015625 0.61328125 0.66796875 0.615234375 0.673828125 0.634765625 0.673828125 0.646484375 0.671875 0.6484375 0.671875 0.671875 0.673828125 0.67578125 0.671875 0.677734375 0.671875 0.68359375 0.666015625 0.6875 0.65625 0.6796875 0.658203125 0.654296875 0.6640625 0.64453125 0.6640625 0.625 0.66015625 0.615234375
0 0.48046875 0.76953125 0.48828125 0.7890625 0.48828125 0.8125 0.484375 0.81640625 0.474609375 0.818359375 0.470703125 0.822265625 0.45703125 0.822265625 0.439453125 0.830078125 0.421875 0.828125 0.412109375 0.818359375 0.416015625 0.8046875 0.435546875 0.79296875 0.443359375 0.78125 0.447265625 0.767578125 0.453125 0.7734375 0.4765625 0.7734375 0.478515625 0.771484375
0 0.693359375 0.6875 0.703125 0.6953125 0.703125 0.755859375 0.705078125 0.7578125 0.705078125 0.77734375 0.70703125 0.779296875 0.70703125 0.7890625 0.703125 0.796875 0.703125 0.8125 0.697265625 0.826171875 0.69140625 0.8203125 0.689453125 0.79296875 0.685546875 0.78125 0.6796875 0.767578125 0.671875 0.7578125 0.671875 0.751953125 0.68359375 0.740234375 0.68359375 0.734375 0.685546875 0.732421875 0.685546875 0.708984375 0.677734375 0.69921875 0.677734375 0.6953125 0.68359375 0.689453125 0.69140625 0.6875
0 0.29296875 0.6953125 0.294921875 0.69921875 0.294921875 0.71875 0.283203125 0.728515625 0.279296875 0.7421875 0.2734375 0.748046875 0.265625 0.748046875 0.26171875 0.7421875 0.26171875 0.73046875 0.271484375 0.71875 0.275390625 0.7109375 0.275390625 0.705078125 0.279296875 0.705078125 0.28125 0.708984375 0.287109375 0.708984375 0.291015625 0.703125 0.291015625 0.697265625
0 0.369140625 0.712890625 0.373046875 0.71484375 0.376953125 0.7265625 0.369140625 0.75 0.369140625 0.7578125 0.3671875 0.76171875 0.361328125 0.76171875 0.3515625 0.755859375 0.3515625 0.75 0.353515625 0.748046875 0.353515625 0.7265625 0.36328125 0.724609375 0.369140625 0.71484375
0 0.984375 0.7734375 0.98828125 0.783203125 0.98828125 0.79296875 0.994140625 0.8125 0.99609375 0.83203125 0.994140625 0.833984375 0.97265625 0.833984375 0.96875 0.828125 0.96875 0.8125 0.966796875 0.810546875 0.96484375 0.787109375 0.982421875 0.775390625
0 0.033203125 0.693359375 0.04296875 0.6953125 0.046875 0.69921875 0.05078125 0.7109375 0.048828125 0.724609375 0.04296875 0.734375 0.041015625 0.7578125 0.03515625 0.767578125 0.03515625 0.771484375 0.029296875 0.77734375 0.02734375 0.775390625 0.029296875 0.74609375 0.0234375 0.734375 0.025390625 0.732421875 0.025390625 0.720703125 0.029296875 0.716796875 0.033203125 0.6953125
0 0.859375 0.701171875 0.8671875 0.708984375 0.880859375 0.712890625 0.880859375 0.71875 0.873046875 0.7421875 0.869140625 0.77734375 0.861328125 0.79296875 0.8515625 0.79296875 0.845703125 0.783203125 0.845703125 0.751953125 0.857421875 0.71875 0.857421875 0.703125
0 0.4345703125 0.7392578125 0.0283203125 0.0361328125
0 0.55078125 0.681640625 0.564453125 0.6953125 0.564453125 0.720703125 0.556640625 0.73046875 0.5546875 0.736328125 0.552734375 0.736328125 0.55078125 0.734375 0.55078125 0.7109375 0.548828125 0.708984375 0.548828125 0.685546875 0.55078125 0.68359375