0 0.2177734375 0.6083984375 0.017578125 0.0234375
0 0.162109375 0.59375 0.166015625 0.59375 0.171875 0.59765625 0.173828125 0.6015625 0.173828125 0.61328125 0.177734375 0.615234375 0.17578125 0.6171875 0.17578125 0.625 0.177734375 0.626953125 0.173828125 0.6328125 0.16796875 0.6328125 0.166015625 0.630859375 0.1640625 0.6171875 0.162109375 0.615234375 0.162109375 0.603515625 0.16015625 0.6015625 0.162109375 0.595703125
0 0.171875 0.6240234375 0.015625 0.017578125
0 0.107421875 0.630859375 0.11328125 0.62109375 0.111328125 0.6171875 0.11328125 0.615234375 0.11328125 0.603515625 0.115234375 0.6015625 0.12109375 0.607421875 0.123046875 0.630859375 0.11328125 0.630859375 0.111328125 0.6328125 0.109375 0.630859375
0 0.236328125 0.58984375 0.2421875 0.591796875 0.24609375 0.59765625 0.24609375 0.603515625 0.244140625 0.60546875 0.23828125 0.60546875 0.236328125 0.591796875
0 0.708984375 0.51171875 0.7109375 0.51953125 0.716796875 0.525390625 0.716796875 0.533203125 0.71484375 0.53515625 0.70703125 0.53515625 0.703125 0.529296875 0.703125 0.525390625 0.69921875 0.521484375 0.69921875 0.509765625 0.703125 0.5078125 0.70703125 0.51171875
0 0.1953125 0.580078125 0.201171875 0.580078125 0.203125 0.59765625 0.205078125 0.599609375 0.201171875 0.61328125 0.1953125 0.611328125 0.193359375 0.60546875 0.1953125 0.603515625 0.193359375 0.599609375 0.193359375 0.583984375 0.1953125 0.58203125
0 0.775390625 0.798828125 0.779296875 0.802734375 0.796875 0.80078125 0.8125 0.7890625 0.8125 0.78515625 0.818359375 0.779296875 0.818359375 0.771484375 0.822265625 0.76953125 0.833984375 0.7890625 0.833984375 0.798828125 0.837890625 0.802734375 0.841796875 0.833984375 0.84375 0.8359375 0.84375 0.853515625 0.83984375 0.865234375 0.828125 0.873046875 0.8203125 0.873046875 0.818359375 0.87109375 0.8125 0.876953125 0.806640625 0.876953125 0.8046875 0.87890625 0.78125 0.876953125 0.775390625 0.880859375 0.76953125 0.880859375 0.765625 0.884765625 0.759765625 0.884765625 0.755859375 0.888671875 0.740234375 0.888671875 0.736328125 0.884765625 0.724609375 0.88671875 0.724609375 0.880859375 0.73046875 0.875 0.732421875 0.865234375 0.736328125 0.861328125 0.73828125 0.853515625 0.74609375 0.845703125 0.74609375 0.841796875 0.75 0.8359375 0.75 0.830078125 0.7578125 0.8203125 0.7578125 0.81640625 0.767578125 0.802734375 0.7734375 0.798828125
0 0.376953125 0.51171875 0.37890625 0.513671875 0.380859375 0.533203125 0.3828125 0.53515625 0.380859375 0.544921875 0.376953125 0.544921875 0.376953125 0.537109375 0.373046875 0.53515625 0.373046875 0.53125 0.3671875 0.5234375 0.369140625 0.513671875 0.375 0.513671875
0 0.03125 0.650390625 0.021484375 0.638671875 0.021484375 0.630859375 0.02734375 0.619140625 0.037109375 0.626953125 0.037109375 0.63671875 0.041015625 0.642578125 0.041015625 0.646484375 0.044921875 0.650390625 0.04296875 0.654296875 0.037109375 0.654296875 0.033203125 0.650390625
0 0.49609375 0.4921875 0.51953125 0.5 0.5234375 0.50390625 0.53125 0.50390625 0.537109375 0.5078125 0.5390625 0.505859375 0.541015625 0.5078125 0.546875 0.5078125 0.55078125 0.50390625 0.55078125 0.5 0.552734375 0.501953125 0.55859375 0.501953125 0.5625 0.505859375 0.568359375 0.50390625 0.576171875 0.509765625 0.578125 0.5078125 0.580078125 0.509765625 0.5859375 0.509765625 0.58203125 0.517578125 0.583984375 0.51953125 0.58203125 0.529296875 0.5859375 0.533203125 0.5859375 0.54296875 0.595703125 0.560546875 0.595703125 0.56640625 0.599609375 0.572265625 0.609375 0.583984375 0.6171875 0.587890625 0.62109375 0.5859375 0.630859375 0.587890625 0.638671875 0.578125 0.638671875 0.59375 0.63671875 0.595703125 0.634765625 0.611328125 0.623046875 0.625 0.615234375 0.625 0.609375 0.630859375 0.603515625 0.62109375 0.591796875 0.6171875 0.58984375 0.609375 0.57421875 0.595703125 0.5703125 0.595703125 0.560546875 0.58984375 0.5546875 0.58984375 0.55078125 0.5859375 0.5390625 0.583984375 0.533203125 0.580078125 0.5234375 0.580078125 0.509765625 0.5625 0.498046875 0.556640625 0.490234375 0.541015625 0.484375 0.53515625 0.484375 0.53125 0.478515625 0.5234375 0.478515625 0.517578125 0.474609375 0.513671875 0.4765625 0.49609375 0.482421875 0.490234375 0.4921875 0.490234375 0.494140625 0.4921875
0 0.275390625 0.580078125 0.28125 0.580078125 0.28515625 0.5859375 0.283203125 0.591796875 0.28515625 0.595703125 0.283203125 0.599609375 0.279296875 0.599609375 0.2734375 0.587890625 0.275390625 0.58203125
0 0.203125 0.57421875 0.208984375 0.572265625 0.21484375 0.578125 0.216796875 0.59765625 0.22265625 0.611328125 0.22265625 0.6171875 0.220703125 0.619140625 0.212890625 0.6171875 0.208984375 0.611328125 0.208984375 0.603515625 0.201171875 0.59765625 0.201171875 0.580078125 0.205078125 0.576171875
0 0.173828125 0.572265625 0.177734375 0.572265625 0.181640625 0.580078125 0.181640625 0.587890625 0.18359375 0.58984375 0.181640625 0.591796875 0.181640625 0.599609375 0.185546875 0.61328125 0.18359375 0.615234375 0.17578125 0.615234375 0.173828125 0.61328125 0.173828125 0.603515625 0.171875 0.6015625 0.173828125 0.57421875
0 0.369140625 0.5546875 0.384765625 0.57421875 0.388671875 0.587890625 0.384765625 0.591796875 0.380859375 0.591796875 0.375 0.5859375 0.375 0.580078125 0.369140625 0.572265625 0.365234375 0.560546875 0.3671875 0.556640625