0 0.2421875 0.630859375 0.240234375 0.63671875 0.228515625 0.640625 0.22265625 0.638671875 0.220703125 0.634765625 0.23046875 0.634765625 0.240234375 0.630859375
0 0.5703125 0.75 0.583984375 0.75390625 0.583984375 0.765625 0.576171875 0.7734375 0.5703125 0.7734375 0.56640625 0.76953125 0.560546875 0.76953125 0.55859375 0.767578125 0.54296875 0.76953125 0.541015625 0.767578125 0.52734375 0.765625 0.5234375 0.76171875 0.51953125 0.76171875 0.51171875 0.75390625 0.515625 0.75 0.521484375 0.751953125 0.533203125 0.748046875 0.546875 0.748046875 0.552734375 0.744140625 0.568359375 0.75
0 0.189453125 0.673828125 0.19140625 0.67578125 0.197265625 0.673828125 0.203125 0.677734375 0.205078125 0.68359375 0.220703125 0.6953125 0.21875 0.701171875 0.171875 0.69140625 0.171875 0.685546875 0.17578125 0.6796875 0.1796875 0.67578125 0.1875 0.673828125
0 0.119140625 0.658203125 0.123046875 0.6640625 0.134765625 0.666015625 0.138671875 0.669921875 0.13671875 0.671875 0.13671875 0.6796875 0.119140625 0.681640625 0.09765625 0.67578125 0.109375 0.669921875 0.11328125 0.66015625 0.1171875 0.66015625
0 0.244140625 0.63671875 0.24609375 0.640625 0.251953125 0.640625 0.251953125 0.6484375 0.236328125 0.646484375 0.2265625 0.642578125 0.23046875 0.638671875 0.2421875 0.63671875
0 0.939453125 0.78515625 0.9453125 0.787109375 0.943359375 0.796875 0.931640625 0.796875 0.921875 0.79296875 0.9140625 0.794921875 0.912109375 0.79296875 0.912109375 0.791015625 0.921875 0.791015625 0.931640625 0.78515625 0.9375 0.78515625
0 0.65234375 0.79296875 0.654296875 0.796875 0.658203125 0.796875 0.669921875 0.8046875 0.677734375 0.8046875 0.6796875 0.80859375 0.6796875 0.814453125 0.677734375 0.81640625 0.66796875 0.8125 0.65234375 0.8125 0.625 0.8046875 0.609375 0.802734375 0.6171875 0.798828125 0.62109375 0.80078125 0.623046875 0.798828125 0.630859375 0.798828125 0.634765625 0.794921875 0.63671875 0.796875 0.642578125 0.79296875 0.646484375 0.794921875 0.650390625 0.79296875
0 0.26171875 0.638671875 0.263671875 0.640625 0.265625 0.638671875 0.279296875 0.638671875 0.279296875 0.6484375 0.265625 0.646484375 0.26171875 0.642578125 0.2578125 0.642578125 0.259765625 0.640625
0 0.03515625 0.642578125 0.037109375 0.64453125 0.04296875 0.642578125 0.05859375 0.658203125 0.05859375 0.6640625 0.0703125 0.673828125 0.0703125 0.677734375 0.060546875 0.67578125 0.05859375 0.671875 0.05078125 0.671875 0.041015625 0.666015625 0.03515625 0.666015625 0.03125 0.662109375 0.02734375 0.662109375 0.025390625 0.658203125 0.017578125 0.658203125 0.013671875 0.654296875 0.009765625 0.654296875 0.001953125 0.646484375 0.001953125 0.642578125 0.009765625 0.634765625 0.015625 0.634765625 0.021484375 0.642578125 0.033203125 0.642578125
0 0 0.65625 0.005859375 0.662109375 0.005859375 0.6640625 0 0.6640625 0 0.658203125
0 0.873046875 0.7578125 0.8828125 0.765625 0.892578125 0.767578125 0.89453125 0.771484375 0.890625 0.775390625 0.888671875 0.7734375 0.8828125 0.775390625 0.87109375 0.771484375 0.8671875 0.7734375 0.85546875 0.771484375 0.849609375 0.765625 0.87109375 0.759765625
0 0.296875 0.630859375 0.306640625 0.6328125 0.310546875 0.638671875 0.310546875 0.642578125 0.302734375 0.65234375 0.30078125 0.66015625 0.287109375 0.658203125 0.283203125 0.654296875 0.28515625 0.65234375 0.279296875 0.64453125 0.28125 0.640625 0.2890625 0.638671875 0.296875 0.6328125