0 0.7265625 0.66796875 0.74609375 0.677734375 0.736328125 0.6796875 0.728515625 0.67578125 0.7265625 0.669921875
0 0.3828125 0.70703125 0.384765625 0.708984375 0.41015625 0.70703125 0.4140625 0.7109375 0.443359375 0.720703125 0.447265625 0.724609375 0.443359375 0.728515625 0.4375 0.728515625 0.4296875 0.732421875 0.423828125 0.732421875 0.421875 0.73046875 0.419921875 0.732421875 0.4140625 0.732421875 0.408203125 0.728515625 0.400390625 0.728515625 0.3984375 0.7265625 0.384765625 0.73046875 0.376953125 0.720703125 0.376953125 0.71484375 0.380859375 0.708984375
0 0.763671875 0.71875 0.775390625 0.724609375 0.779296875 0.732421875 0.779296875 0.73828125 0.775390625 0.740234375 0.759765625 0.740234375 0.7578125 0.73828125 0.734375 0.740234375 0.73046875 0.736328125 0.732421875 0.732421875 0.740234375 0.73046875 0.751953125 0.720703125 0.76171875 0.71875
0 0.814453125 0.7265625 0.818359375 0.724609375 0.830078125 0.724609375 0.8359375 0.720703125 0.83984375 0.724609375 0.841796875 0.732421875 0.849609375 0.740234375 0.8203125 0.740234375 0.814453125 0.736328125 0.814453125 0.728515625
0 0.7265625 0.673828125 0.73046875 0.677734375 0.734375 0.677734375 0.736328125 0.68359375 0.71484375 0.68359375 0.712890625 0.677734375 0.724609375 0.673828125
0 0.998046875 0.7578125 0.998046875 0.765625 0.990234375 0.763671875 0.990234375 0.76171875 0.99609375 0.759765625
0 0.056640625 0.669921875 0.064453125 0.673828125 0.041015625 0.673828125 0.0390625 0.671875 0.033203125 0.671875 0.025390625 0.66796875 0.025390625 0.662109375 0.02734375 0.66015625 0.046875 0.662109375 0.0546875 0.669921875
0 0.3125 0.732421875 0.34375 0.748046875 0.279296875 0.748046875 0.27734375 0.74609375 0.279296875 0.73828125 0.283203125 0.736328125 0.2890625 0.73828125 0.3046875 0.732421875 0.310546875 0.732421875
0 0.705078125 0.671875 0.708984375 0.67578125 0.69921875 0.67578125 0.697265625 0.677734375 0.6875 0.677734375 0.6875 0.669921875 0.689453125 0.66796875 0.6953125 0.66796875 0.703125 0.671875
0 0.935546875 0.720703125 0.94140625 0.720703125 0.947265625 0.73046875 0.947265625 0.734375 0.94140625 0.73828125 0.923828125 0.740234375 0.908203125 0.74609375 0.875 0.748046875 0.87890625 0.744140625 0.888671875 0.740234375 0.892578125 0.732421875 0.90234375 0.728515625 0.908203125 0.72265625 0.921875 0.724609375 0.923828125 0.7265625 0.9296875 0.7265625 0.935546875 0.72265625
0 0.966796875 0.73046875 0.982421875 0.73828125 0.98828125 0.73828125 0.9921875 0.744140625 0.9921875 0.748046875 0.990234375 0.75 0.984375 0.748046875 0.982421875 0.75 0.939453125 0.75 0.939453125 0.748046875 0.951171875 0.744140625 0.96484375 0.732421875
0 0.111328125 0.65234375 0.115234375 0.65625 0.12890625 0.662109375 0.126953125 0.666015625 0.109375 0.666015625 0.107421875 0.6640625 0.091796875 0.6640625 0.087890625 0.662109375 0.0859375 0.658203125 0.087890625 0.65625 0.09765625 0.65625 0.103515625 0.65234375 0.109375 0.65234375
0 0.671875 0.654296875 0.6875 0.669921875 0.6875 0.673828125 0.681640625 0.677734375 0.6796875 0.68359375 0.666015625 0.68359375 0.6640625 0.681640625 0.66015625 0.66015625 0.666015625 0.65625 0.669921875 0.65625