0 0.34765625 0.708984375 0.3515625 0.7109375 0.359375 0.70703125 0.36328125 0.716796875 0.375 0.7265625 0.373046875 0.732421875 0.3515625 0.732421875 0.34765625 0.7265625 0.34765625 0.7109375
0 0.333984375 0.732421875 0.33984375 0.728515625 0.345703125 0.732421875 0.345703125 0.748046875 0.337890625 0.751953125 0.3359375 0.75 0.333984375 0.734375
0 0.576171875 0.693359375 0.580078125 0.712890625 0.572265625 0.716796875 0.5625 0.716796875 0.560546875 0.71875 0.5546875 0.71875 0.552734375 0.71484375 0.5625 0.705078125 0.564453125 0.693359375 0.56640625 0.69140625 0.572265625 0.69140625 0.57421875 0.693359375
0 0.408203125 0.697265625 0.42578125 0.71484375 0.431640625 0.71875 0.4375 0.71875 0.439453125 0.720703125 0.439453125 0.7265625 0.396484375 0.7265625 0.3984375 0.705078125 0.40625 0.69921875
0 0.611328125 0.685546875 0.626953125 0.70703125 0.626953125 0.712890625 0.619140625 0.712890625 0.6171875 0.71484375 0.607421875 0.708984375 0.603515625 0.708984375 0.6015625 0.69140625 0.603515625 0.6875 0.609375 0.685546875
0 0.720703125 0.69921875 0.734375 0.697265625 0.73828125 0.701171875 0.744140625 0.701171875 0.74609375 0.70703125 0.759765625 0.716796875 0.7578125 0.72265625 0.73046875 0.72265625 0.724609375 0.724609375 0.720703125 0.720703125 0.720703125 0.701171875
0 0.65234375 0.69921875 0.658203125 0.703125 0.666015625 0.703125 0.673828125 0.716796875 0.685546875 0.728515625 0.658203125 0.73046875 0.6484375 0.71875 0.6484375 0.70703125 0.65234375 0.701171875
0 0.884765625 0.68359375 0.888671875 0.697265625 0.88671875 0.70703125 0.87109375 0.70703125 0.87109375 0.701171875 0.875 0.697265625 0.876953125 0.6875 0.8828125 0.685546875
0 0.48828125 0.705078125 0.490234375 0.70703125 0.4921875 0.705078125 0.498046875 0.70703125 0.498046875 0.72265625 0.5 0.728515625 0.498046875 0.73046875 0.486328125 0.73046875 0.484375 0.728515625 0.486328125 0.70703125
0 0.171875 0.73046875 0.17578125 0.7421875 0.19140625 0.755859375 0.197265625 0.7578125 0.197265625 0.76171875 0.15234375 0.763671875 0.15234375 0.751953125 0.158203125 0.75 0.171875 0.736328125 0.171875 0.732421875
0 0.88671875 0.681640625 0.892578125 0.681640625 0.892578125 0.69921875 0.890625 0.701171875 0.888671875 0.701171875 0.888671875 0.6953125 0.88671875 0.693359375 0.88671875 0.68359375
0 0.3134765625 0.7392578125 0.048828125 0.033203125