0 0.91015625 0.7109375 0.9140625 0.71484375 0.912109375 0.716796875 0.912109375 0.72265625 0.904296875 0.732421875 0.8984375 0.734375 0.892578125 0.732421875 0.88671875 0.740234375 0.8828125 0.736328125 0.884765625 0.73046875 0.8984375 0.7265625 0.91015625 0.712890625
0 0.466796875 0.8125 0.46875 0.8125 0.46875 0.818359375 0.470703125 0.8203125 0.478515625 0.8203125 0.486328125 0.8125 0.494140625 0.814453125 0.50390625 0.833984375 0.521484375 0.845703125 0.51953125 0.8515625 0.478515625 0.849609375 0.47265625 0.845703125 0.4609375 0.845703125 0.458984375 0.84375 0.4609375 0.826171875 0.466796875 0.814453125
0 0.345703125 0.677734375 0.345703125 0.68359375 0.349609375 0.689453125 0.35546875 0.69140625 0.357421875 0.689453125 0.36328125 0.689453125 0.369140625 0.69921875 0.361328125 0.70703125 0.365234375 0.73046875 0.349609375 0.724609375 0.34375 0.712890625 0.341796875 0.701171875 0.337890625 0.697265625 0.337890625 0.69140625 0.3359375 0.689453125 0.34375 0.6796875
0 0.814453125 0.748046875 0.81640625 0.748046875 0.814453125 0.75390625 0.822265625 0.76171875 0.818359375 0.76171875 0.802734375 0.775390625 0.794921875 0.775390625 0.79296875 0.77734375 0.787109375 0.775390625 0.787109375 0.76953125 0.80078125 0.765625 0.8125 0.75390625 0.8125 0.75
0 0.15625 0.89453125 0.1640625 0.908203125 0.18359375 0.927734375 0.193359375 0.93359375 0.197265625 0.93359375 0.203125 0.939453125 0.203125 0.947265625 0.1953125 0.951171875 0.162109375 0.951171875 0.154296875 0.947265625 0.140625 0.9453125 0.1328125 0.939453125 0.1328125 0.935546875 0.12109375 0.921875 0.123046875 0.919921875 0.12109375 0.91796875 0.12109375 0.90625 0.12890625 0.89453125 0.134765625 0.89453125 0.13671875 0.896484375 0.140625 0.89453125 0.154296875 0.89453125
0 0.33984375 0.70703125 0.34375 0.708984375 0.34765625 0.720703125 0.353515625 0.7265625 0.359375 0.73046875 0.365234375 0.73046875 0.375 0.73828125 0.375 0.7421875 0.365234375 0.744140625 0.337890625 0.736328125 0.333984375 0.732421875 0.333984375 0.720703125 0.33984375 0.708984375
0 0.083984375 0.912109375 0.08984375 0.912109375 0.091796875 0.9140625 0.1171875 0.9140625 0.12109375 0.919921875 0.12109375 0.923828125 0.130859375 0.935546875 0.130859375 0.939453125 0.140625 0.94921875 0.15234375 0.955078125 0.158203125 0.9609375 0.158203125 0.966796875 0.1484375 0.97265625 0.10546875 0.97265625 0.09765625 0.966796875 0.078125 0.962890625 0.072265625 0.95703125 0.0703125 0.951171875 0.07421875 0.9453125 0.078125 0.92578125 0.083984375 0.9140625
0 0.916015625 0.71484375 0.92578125 0.728515625 0.931640625 0.7265625 0.931640625 0.7421875 0.93359375 0.744140625 0.9296875 0.748046875 0.923828125 0.74609375 0.8984375 0.748046875 0.896484375 0.74609375 0.890625 0.74609375 0.88671875 0.740234375 0.884765625 0.734375 0.888671875 0.73046875 0.896484375 0.728515625 0.9140625 0.71484375
0 0.837890625 0.763671875 0.841796875 0.7734375 0.83984375 0.779296875 0.841796875 0.7890625 0.83984375 0.791015625 0.837890625 0.7890625 0.83203125 0.791015625 0.8125 0.791015625 0.791015625 0.78515625 0.791015625 0.779296875 0.79296875 0.77734375 0.80078125 0.77734375 0.806640625 0.7734375 0.814453125 0.765625 0.81640625 0.759765625 0.822265625 0.759765625 0.830078125 0.76953125 0.833984375 0.76953125 0.837890625 0.765625
0 0.361328125 0.78515625 0.36328125 0.787109375 0.361328125 0.79296875 0.369140625 0.798828125 0.37890625 0.79296875 0.3828125 0.794921875 0.3828125 0.802734375 0.39453125 0.818359375 0.392578125 0.822265625 0.388671875 0.8203125 0.38671875 0.826171875 0.388671875 0.828125 0.388671875 0.833984375 0.396484375 0.84375 0.39453125 0.849609375 0.37890625 0.845703125 0.349609375 0.81640625 0.34765625 0.8046875 0.3515625 0.796875 0.361328125 0.787109375
0 0.50390625 0.705078125 0.51171875 0.708984375 0.5078125 0.71484375 0.501953125 0.7109375 0.50390625 0.70703125