0 0.89453125 0.705078125 0.892578125 0.703125 0.892578125 0.697265625 0.89453125 0.6953125 0.900390625 0.6953125 0.912109375 0.68359375 0.9140625 0.677734375 0.91796875 0.67578125 0.919921875 0.6796875 0.916015625 0.69140625 0.91015625 0.697265625 0.900390625 0.69921875 0.896484375 0.703125
0 0.51171875 0.802734375 0.517578125 0.806640625 0.525390625 0.8203125 0.533203125 0.828125 0.537109375 0.828125 0.54296875 0.83203125 0.544921875 0.837890625 0.54296875 0.83984375 0.484375 0.837890625 0.482421875 0.8359375 0.484375 0.833984375 0.48828125 0.806640625 0.494140625 0.8125 0.5 0.8125 0.509765625 0.8046875
0 0.36328125 0.681640625 0.36328125 0.6875 0.3671875 0.693359375 0.380859375 0.693359375 0.384765625 0.697265625 0.384765625 0.703125 0.380859375 0.70703125 0.380859375 0.71875 0.384765625 0.7265625 0.384765625 0.732421875 0.375 0.73046875 0.369140625 0.7265625 0.359375 0.708984375 0.353515625 0.693359375 0.359375 0.68359375 0.361328125 0.68359375
0 0.82421875 0.716796875 0.826171875 0.716796875 0.826171875 0.724609375 0.833984375 0.73046875 0.830078125 0.73046875 0.814453125 0.74609375 0.802734375 0.748046875 0.798828125 0.744140625 0.802734375 0.73828125 0.8125 0.736328125 0.822265625 0.7265625 0.82421875 0.71875
0 0.19140625 0.90625 0.19921875 0.91796875 0.21484375 0.93359375 0.224609375 0.939453125 0.23828125 0.943359375 0.2421875 0.953125 0.234375 0.958984375 0.224609375 0.958984375 0.22265625 0.9609375 0.197265625 0.9609375 0.17578125 0.955078125 0.16015625 0.935546875 0.158203125 0.931640625 0.158203125 0.919921875 0.1640625 0.908203125 0.189453125 0.908203125
0 0.359375 0.708984375 0.365234375 0.720703125 0.375 0.73046875 0.384765625 0.732421875 0.396484375 0.740234375 0.392578125 0.744140625 0.375 0.744140625 0.353515625 0.736328125 0.353515625 0.724609375 0.359375 0.7109375
0 0.123046875 0.927734375 0.126953125 0.9296875 0.154296875 0.927734375 0.169921875 0.951171875 0.1796875 0.9609375 0.193359375 0.966796875 0.197265625 0.970703125 0.197265625 0.978515625 0.193359375 0.982421875 0.166015625 0.984375 0.1640625 0.986328125 0.150390625 0.986328125 0.115234375 0.974609375 0.11328125 0.9609375 0.123046875 0.9296875
0 0.916015625 0.6796875 0.921875 0.6796875 0.931640625 0.69140625 0.939453125 0.689453125 0.939453125 0.7109375 0.896484375 0.7109375 0.89453125 0.69921875 0.904296875 0.693359375 0.916015625 0.681640625
0 0.84765625 0.734375 0.8515625 0.734375 0.853515625 0.7578125 0.818359375 0.759765625 0.8046875 0.755859375 0.8046875 0.75 0.818359375 0.744140625 0.826171875 0.736328125 0.826171875 0.73046875 0.828125 0.728515625 0.833984375 0.728515625 0.83984375 0.73828125 0.845703125 0.73828125 0.84765625 0.736328125
0 0.38671875 0.78515625 0.384765625 0.79296875 0.388671875 0.796875 0.396484375 0.796875 0.400390625 0.79296875 0.40625 0.79296875 0.408203125 0.802734375 0.41796875 0.814453125 0.41796875 0.818359375 0.4140625 0.818359375 0.412109375 0.82421875 0.423828125 0.845703125 0.41015625 0.845703125 0.40234375 0.841796875 0.39453125 0.8359375 0.38671875 0.82421875 0.373046875 0.814453125 0.37109375 0.80859375 0.384765625 0.787109375
0 0.525390625 0.69921875 0.525390625 0.705078125 0.51953125 0.705078125 0.517578125 0.703125 0.51953125 0.697265625 0.5234375 0.69921875